1
1
3
4
3
2
2
1
1
1
1
2
3
1
1
1
1
2
2
1
2
1
1
3
1
5
1
1
1
4
1
2
6
1
4
1
5
1
1
1
1
1
1
4
1
4
1
1
18
1
1
2
1
2
1
1
43
3
1
1
2
16
2
2
1
1
1
2
1
4
1
4
1
9
1
1
3
3
1
1
2
1
1
1
1
3
1
5
2
1
1
12
1
41
1
1
2
1
2
2
1
1
1
5
6
1
26
4
2
2
1
2
2
1
1
1
2
1
3
1
1
5
1
71
1
3
1
2
1
4
2
1
2
2
2
1
2
6
1
1
143
3
1
1
4
4
2
2
1
3
2
3
1
2
6
1
4
10
1
1
1
17
3
1
1
1
7
1
2
1
2
1
3
1
1
11
1
1
2
5
1
1
1
2
1
1
1
15
2
13
3
2
1
1
1
1
7
36
5
1
2
1
2
1
5
1
2
1
3
7
1
1
2
1
2
1
3
5
1
1
1
3
1
1
4
2
1
1
2
1
3
1
2
3
4
1
2
2
1
1
2
1
1
1
100
1
1
1
2
2
2
1
1
1
6
2
2
1
1
2
5
1
2
1
3
13
1
5
1
1
3
10
1
1
1
1
4
1
1
1
1
1
4
2
1
1
12
1
1
6
1
1
1
1
1
5
1
4
1
1
1
1
2
1
1
1
2
1
1
1
1
6
1
1
8
1
7
1
1
4
15
1
1
1
1
1
12
1
2
2
2
3
2
1
1
1
1
1
1
1
1
1
1
1
2
3
1
3
10
1
1
1
3
1
11
12
2
1
2
1
1
7
1
2
6
1
4
6
1
1
1
1
1
2
8
1
1
1
2
1
6
1
1
2
6
2
1
3
2
1
2
1
1
3
1
15
2
1
1
1
1
3
10
1
15
1
1
1
1
1
1
1
3
1
5
1
2
1
3
1
3
1
1
3
1
1
1
2
3
1
1
1
1
1
2
1
3
1
1
1
2
1
1
1
6
1
1
1
3
1
5
5
1
1
2
1
3
1
1
1
1
1
1
1
1
6
1
119
4
1
1
6
3
1
1
2
1
2
1
3
1
1
2
1
1
2
1
1
2
1
1
1
28
1
1
1
2
1
1
1
