53393  59362 
8323  59859 
41442  6393 
18252  35840 
62751  63234 
10330  63608 
62728  31810 
52447  9299 
27641  60013 
51918  62881 
42974  2341 
55648  61210 
44481  49659 
48702  25705 
42957  11219 
46271  2087 
18149  3026 
6366  53966 
45536  20782 
62273  2258 
28754  25006 
50169  52114 
12247  32097 
29202  42357 
46489  49459 
18090  44545 
42932  10657 
7799  32661 
62897  22308 
38356  14668 
49235  16718 
33158  45814 
58386  62868 
35862  9085 
9784  16876 
55097  16665 
53365  15960 
60900  22937 
12884  16455 
40373  31017 
23047  54449 
38356  36027 
60109  18733 
49624  49396 
24933  37213 
4972  3536 
34786  51063 
61211  8514 
37278  30762 
781  22094 
10629  52054 
20396  34638 
10856  39451 
17234  42866 
45168  49031 
29527  5494 
15007  59856 
9987  54120 
35281  65282 
5124  29011 
6990  63038 
304  50784 
53562  56930 
5534  26200 
17031  52433 
28273  59680 
11918  17289 
9538  8918 
56970  37991 
36036  9500 
55904  40767 
23000  33636 
26333  4979 
15723  8082 
12053  15726 
27346  3255 
59160  61917 
32169  32064 
22133  58986 
24199  7288 
51134  25542 
15840  26471 
6322  8649 
61738  62661 
37697  3918 
15387  23145 
53817  1010 
2820  11075 
42540  47954 
42451  29552 
35849  19420 
48804  12384 
45008  12027 
24149  41000 
51133  5317 
60908  50837 
31902  28564 
29280  20077 
33326  33474 
53584  52090 
42226  24813 
53187  34919 
22985  61538 
57405  36055 
40794  38472 
13615  19743 
30862  15106 
55332  12764 
14806  11188 
14920  28554 
20389  60514 
28194  12112 
59302  64208 
28762  7283 
16913  26786 
38987  17185 
39508  46610 
14533  7695 
19443  20892 
27798  33283 
5605  17202 
52495  1915 
60873  47863 
32021  37914 
15551  30071 
63117  35835 
34153  15178 
32040  40898 
44508  25921 
24080  64748 
2474  58010 
59853  52178 
6470  17162 
21978  44546 
8950  47266 
6997  42844 
32386  51056 
46860  59226 
58387  21900 
45793  12964 
2002  48763 
32769  31452 
59291  39968 
40479  56324 
52788  37796 
11988  15724 
58098  1880 
32106  11006 
64138  46707 
32799  30873 
3908  44694 
2781  4683 
34187  6340 
53618  53578 
47346  9822 
43228  33987 
63764  42532 
52450  29740 
28337  54087 
5471  8728 
11364  25621 
54485  52649 
3963  26166 
34529  27315 
43048  41155 
19136  28289 
1015  64491 
10956  6961 
24406  12984 
32092  22249 
62366  60314 
3453  48356 
17637  27711 
35905  61783 
27377  64425 
19756  45947 
43669  35332 
45751  43681 
11674  8390 
65475  11215 
2137  36779 
57794  43855 
12481  24177 
30194  64332 
10250  56067 
42255  24659 
12513  28066 
31590  7905 
38634  14824 
25207  38207 
16503  19035 
40442  17386 
54026  64399 
47857  22536 
38277  7063 
59395  57649 
53592  17087 
38952  1476 
27870  20495 
10583  11716 
27714  6176 
39225  30863 
45610  45868 
41847  2203 
4510  20945 
34791  42890 
26714  53738 
47078  63481 
34821  21309 
6923  40040 
51039  27751 
5953  17464 
10070  18416 
28841  34547 
29978  57368 
33951  61841 
41793  62763 
15775  44310 
18944  44027 
45557  4456 
16698  14683 
43767  55338 
22575  51152 
44258  441 
39464  25348 
60030  76 
30307  27810 
30207  50473 
21134  51428 
30891  2344 
11526  47301 
31030  10009 
22356  39806 
12567  48393 
15916  60124 
17633  50168 
12364  18842 
5972  37762 
44785  35821 
27901  42234 
42442  44500 
41667  61942 
13693  46483 
15482  7825 
39800  29500 
30063  43381 
50481  22952 
43385  27273 
55176  54586 
16806  40204 
38158  35438 
57012  17353 
20845  7813 
61592  42307 
31422  41898 
35698  42422 
35644  47254 
34242  65123 
14331  6934 
7190  4168 
26515  29385 
23974  50037 
41150  50592 
61135  63749 
12585  9102 
45630  6149 
34433  34757 
56435  31775 
25786  44003 
48579  34082 
22788  9831 
38410  17180 
2914  49475 
15911  28993 
45075  23543 
48257  25868 
44788  46140 
28987  1284 
21683  27808 
17713  12914 
53852  28175 
58181  25637 
50404  26004 
52986  49484 
24733  14157 
51800  62213 
21468  43992 
28747  54624 
50387  10961 
56490  64872 
33713  57952 
38537  10142 
13099  26670 
49067  54105 
51771  20875 
35000  5895 
7321  8932 
44476  32452 
12433  32441 
9674  3603 
55752  36737 
60922  45657 
38194  53438 
57607  64809 
35  56717 
40145  64877 
34582  31426 
52517  14932 
32643  59038 
37661  55389 
48407  38403 
16170  43674 
5472  41023 
43316  47825 
58376  64376 
50399  38106 
60837  38017 
1113  7921 
56538  31739 
55368  13724 
36195  41280 
2097  40286 
23751  3247 
32084  12617 
8067  13468 
9602  12391 
2796  41628 
18473  35297 
45558  32710 
35114  29176 
8122  32136 
55902  57273 
17714  13662 
37026  41963 
27330  13499 
62123  5379 
6928  9309 
10909  40695 
37599  3413 
61027  47753 
48355  4156 
56389  61237 
64513  56291 
51482  33645 
11640  26122 
8778  2025 
61547  19747 
19368  21819 
30610  42480 
1654  55195 
36637  55974 
22799  29231 
3555  11607 
43438  21681 
58883  7744 
64776  35388 
46328  65502 
18865  27166 
30464  50066 
53622  6569 
11673  23569 
3717  34202 
22010  11513 
13694  59320 
44262  30702 
59777  6817 
48860  48252 
36822  12072 
39139  19657 
8790  13933 
58651  4683 
15892  3523 
28949  871 
58798  12888 
6120  20144 
29888  6663 
65233  21764 
19487  4067 
19546  3038 
33124  49901 
41358  5892 
5300  50937 
59319  34981 
7154  54120 
22158  19266 
48910  678 
3175  43772 
39549  34479 
47822  46350 
51208  18873 
45386  36482 
25986  4037 
51129  22124 
39837  48579 
6869  8382 
36015  31800 
58358  52360 
48126  3365 
4777  5802 
52320  61801 
44808  8657 
47364  7233 
7700  41990 
21549  42848 
49095  38220 
48499  15390 
48166  63609 
56815  5652 
24015  24196 
44894  39187 
51731  24095 
13503  5680 
50589  13479 
25446  36161 
15005  42070 
31751  9952 
51244  6594 
19272  15557 
34791  5997 
26563  6872 
7359  51408 
19109  39553 
63204  28343 
45531  49683 
28354  42959 
7193  61194 
12286  17445 
52286  31956 
50394  25953 
17888  2441 
44125  28152 
29605  39967 
3893  20697 
50641  45641 
8214  8530 
6053  513 
27729  42963 
47377  34813 
7132  41403 
8291  8802 
6462  9308 
11027  12862 
20807  20738 
14259  16453 
58518  46086 
36421  12087 
13896  5069 
59886  46315 
36555  20541 
10893  40796 
64745  11170 
16895  26005 
4850  44833 
26371  64411 
26358  40676 
10117  24992 
10560  49683 
57089  22989 
44927  19278 
34775  54553 
39157  21975 
19610  29661 
27699  23567 
36590  48663 
27809  28138 
8184  1602 
19018  20809 
42840  62713 
61324  30008 
15760  50063 
49763  48539 
48738  6942 
44667  30360 
13905  6457 
53973  11470 
10720  43646 
58614  33853 
46052  10066 
62485  35447 
44547  2397 
53032  49061 
7877  34409 
21354  35812 
26141  27204 
11845  16737 
1346  60534 
42841  61119 
10716  60365 
52078  37840 
28838  16883 
49279  14986 
4207  50287 
43988  46872 
42078  27463 
25609  53486 
20803  53381 
51712  55854 
33137  41659 
62317  29096 
3934  56803 
