1
1
3
4
3
2
2
1
1
1
1
2
3
1
1
1
1
2
2
1
2
1
1
3
1
5
1
1
1
4
1
2
6
1
4
1
5
1
1
1
1
1
1
4
1
4
1
1
18
1
1
2
1
2
1
1
43
3
1
1
2
16
2
2
1
1
1
2
1
4
1
4
1
9
1
1
3
3
1
1
2
1
1
1
1
3
1
5
2
1
1
12
1
41
1
1
2
1
2
2
1
1
1
5
6
1
26
4
2
2
1
2
2
1
1
1
2
1
3
1
1
5
1
71
1
3
1
2
1
4
2
1
2
2
2
1
2
6
1
1
143
3
1
1
4
4
2
2
1
3
2
3
1
2
6
1
4
10
1
1
1
17
3
1
1
1
7
1
2
1
2
1
3
1
1
11
1
1
2
5
1
1
1
2
1
1
1
15
2
13
3
2
1
1
1
1
7
36
5
1
2
1
2
1
5
1
2
1
3
7
1
1
2
1
2
1
3
5
1
1
1
3
1
1
4
2
1
1
2
1
3
1
2
3
4
1
2
2
1
1
2
1
1
1
100
1
1
1
2
2
2
1
1
1
6
2
2
1
1
2
5
1
2
1
3
13
1
5
1
1
3
10
1
1
1
1
4
1
1
1
1
1
4
2
1
1
12
1
1
6
1
1
1
1
1
5
1
4
1
1
1
1
2
1
1
1
2
1
1
1
1
6
1
1
8
1
7
1
1
4
15
1
1
1
1
1
12
1
2
2
2
3
2
1
1
1
1
1
1
1
1
1
1
1
2
3
1
3
10
1
1
1
3
1
11
12
2
1
2
1
1
7
1
2
6
1
4
6
1
1
1
1
1
2
8
1
1
1
2
1
6
1
1
2
6
2
1
3
2
1
2
1
1
3
1
15
2
1
1
1
1
3
10
1
15
1
1
1
1
1
1
1
3
1
5
1
2
1
3
1
3
1
1
3
1
1
1
2
3
1
1
1
1
1
2
1
3
1
1
1
2
1
1
1
6
1
1
1
3
1
5
5
1
1
2
1
3
1
1
1
1
1
1
1
1
6
1
119
4
1
1
6
3
1
1
2
1
2
1
3
1
1
2
1
1
2
1
1
2
1
1
1
28
1
1
1
2
1
1
1
5
1
1
1
2
2
16
1
1
1
1
1
1
18
1
1
35
8
2
3
1
1
5
1
1
4
4
1
1
1
18
1
1
1
1
1
1
2
1
1
2
2
1
1
38
1
5
1
5
1
6
1
1
1
1
1
1
4
1
1
3
3
1
1
1
1
2
1
11
5
1
1
2
1
1
1
1
29
1
2
1
1
1
1
1
2
1
2
1
12
1
4
2
1039
1
1
1
1
1
1
2
2
5
7
40
3
10
1
1
1
1
1
11
1
1
1
13
8
1
1
1
1
1
1
1
1
2
2
9
1
1
1
3
1
1
3
5
4
1
1
2
1
1
2
8
1
5
1
16
1
1
2
1
2
1
2
51
1
1
1
3
9
9
2
3
1
1
1
1
1
2
1
46
2
1
3
1
1
1
1
7
3
1
1
2
2
1
1
2
6
1
1
1
2
2
2
5
1
3
6
1
1
1
1
1
54
1
1
6
1
1
3
1
1
5
1
1
12
3
1
2
1
1
3
1
2
3
1
1
1
1
1
1
1
1
2
1
1
1
1
1
1
1
1
2
1
1
1
1
1
8
1
1
1
5
3
2
1
2
1
1
1
3
6
1
35
1
5
1
1
1
2
2
1
1
1
2
1
1
1
3
1
2
1
1
1
1
17
3
1
1
1
1
207
3
3
3
4
3
34
14
1
4
2
1
1
4
4
1
1
1
2
1
2
1
1
1
2
3
1
2
3
5
1
1
1
1
1
7
4
1
1
1
1
1
1
2
1
12
2
3
1
2
2
1
1
1
1
105
1
8
5
5
1
1
1
1
5
2
1
1
1
1
3
2
1
1
1
31
1
2
1
1
1
1
2
1
1
1
2
1
1
2
1
11
2
11
2
1
1
6
2
1
1
2
1
1
1
1
1
1
3
1
1
3
2
1
1
1
1
2
1
2
1
1
5
9
3
1
1
1
3
1
1
1
20
1
1
1
7
1
1
7
1
1
2
27
1
2
1
1
2
1
1
1
3
2
4
2
1
1
1
2
1
2
1
1
1
2
1
2
1
1
9
1
8
2
4
2
3
1
1
4
2
1
1
1
1
1
1
6
1
1
1
1
1
1
1
1
1
2
1
1
12
1
1
1
1
1
1
