1
1
2
1
2
1
4
1
3
1
1
1
1
2
1
1
2
2
4
2
2
1
7
83
1
3
1
1
4
1
1
1
4
8
1
1
1
7
1
3
8
1
1
7
1
2
3
1
1
1
2
1
1
1
1
1
3
2
1
1
1
1
1
1
6
2
2
3
1
1
1
2
1
17
3
2
1
1
6
10
6
4
1
4
1
1
2
2
2
10
1
6
2
1
1
1
11
1
1
2
1
7
1
1
1
1
4
1
1
1
1
1
1
1
1
1
2
1
1
2
1
1
2
1
1
2
14
2
3
7
1
3
1
1
1
1
3
4
4
1
1
1
1
1
1
1
1
2
1
2
4
2
1
1
9
2
1
1
2
2
1
3
1
1
5
1
9
1
11
2
2
25
2
1
8
4
2
36
1
1
2
4
3
5
1
1
1
2
1
1
1
1
1
1
1
1
2
2
1
1
1
1
6
2
8
1
1
1
5
3
4
1
10
1
1
1
2
5
3
20
1
3
1
1
2
10
1
2
1
2
1
1
1
2
1
2
1
4
1
2
1
1
1
1
1
3
1
36
1
4
33
1
1
1
4
1
25
1
2
1
76
2
3
1
3
1
1
2
1
1
1
1
1
2
6
2
2
1
1
1
1
2
5
1
4
219
1
1
1
1
1
1
1
1
3
1
1
2
1
2
1
5
1
1
1
1
1
1
1
1
2
3
2
1
1
1
3
1
4
1
1
2
13
1
1
1
1
1
5
2
1
20
1
1
1
1
2
1
1
6
3
1
2
1
1
2
1
1
4
2
1
1
1
1
1
1
2
1
1
1
1
3
1
1
7
3
1
2
4
1
1
1
1
6
1
1
1
1
1
1
3
7
6
6
1
1
4
1
2
1
1
1
1
1
1
1
1
1
2
48
1
1
1
2
1
2
3
3
8
1
1
1
1
1
3
2
1
4
1
1
1
2
16
1
1
1
1
1
1
1
1
1
9
4
1
1
1
1
1
2
1
1
3
1
28
2
1
1
4
1
18
3
1
1
1
4
1
7
1
2
1
1
1
1
1
3
1
1
1
1
1
1
1
1
5
10
2
15
1
1
2
1
1
1
26
3
2
1
1
2
1
2
3
3
4
1
2
1
2
17
1
1
5
2
1
1
1
2
1
2
1
3
1
1
1
1
1
19
1
4
1
1
2
7
1
1
1
1
3
1
10
3
1
1
6
3
6
3
162
1
1
1
2
2
2
1
1
2
1
1
1
1
2
1
1
10
1
1
3
1
1
4
1
1
1
1
1
1
4
1
1
4
8
9
3
2
1
1
1
3
1
1
2
1
8
2
1
1
1
2
1
1
1
1
1
1
1
1
1
1
3
1
1
1
1
1
1
1
1
1
71
1
6
1
3
1
2
1
2
1
13
2
1
4
4
2
2
5
1
1
1
1
2
1
1
4
1
1
1
1
1
1
1
1
2
3
4
2
4
1
1
1
1
3
8
1
1
2
1
1
1
1
1
4
1
4
1
1
8
1
3
1
6
14
1
1
11
1
35
1
1
1
1
1
1
1
1
1
1
2
1
1
3
1
2
1
1
1
15
1
1
2
1
2
2
1
1
1
1
1
1
1
2
1
1
3
1
2
1
1
1
1
4
1
5
1
9
1
1
1
1
2
5
3
1
3
3
2
9
12
1
1
1
1
1
1
1
1
1
1
75
1
2
1
2
1
1
1
4
1
1
3
1
2
2
21
2
1
3
1
1
1
3
1
1
1
1
2
8
1
1
1
1
4
1
1
4
1
1
1
1
1
1
31
3
2
5
1
1
2
1
1
1
1
1
2
1
2
1
2
1
1
65
1
1
1
1
1
3
1
1
1
1
1
3
2
2
1
1
1
1
3
1
1
1
2
1
4
20
4
4
7
1
1
3
1
2
23
1
1
1
1
1
1
2
2
2
1
1
1
3
1
4
2
1
1
1
1
2
1
1
1
1
1
1
1
3
1
11
1
1
2
1
1
3
1
2
1
2
1
1
1
1
1
1
1
1
1
1
1
1
1
15
1
1
1
1
1
1
1
2
1
1
1
1
3
1
4
1
1
11
1
2
6
1
8
1
1
1
1
1
1
146
1
1
1
1
1
4
1
2
5
2
2
1
1
1
8
1
4
45
1
2
1
1
1
1
1
1
1
1
1
1
1
1
2
1
1
3
1
57
1
1
4
1
1
2
2
1
1
2
1
1
1
2
1
8
3
1
8
1
2
9
1
2
2
1
1
1
1
