50512  44944 
56863  38044 
41032  7285 
14005  2384 
29134  21403 
18828  32535 
11909  61197 
61615  38762 
53  59179 
44754  4840 
65299  20608 
53033  30242 
38479  31300 
36206  11490 
38486  10145 
29193  35234 
30271  54664 
65285  63717 
48885  13105 
2381  12361 
37850  41174 
23906  41717 
58411  16615 
18767  8220 
34641  53789 
19646  51621 
28640  36080 
64626  45205 
63578  6290 
58857  3831 
8082  41335 
24255  20944 
52146  19773 
39811  30276 
19176  54553 
37390  4621 
17453  11199 
36720  13245 
32268  47800 
62586  49962 
5248  61488 
63863  39787 
62750  21670 
59062  24 
31672  9665 
20644  11232 
38857  43097 
22870  3519 
3092  3661 
4687  1028 
63811  48155 
49308  2184 
7708  17125 
58547  63705 
65147  22727 
19157  12272 
48703  47056 
12380  28439 
2988  42957 
51186  56551 
51469  28409 
22795  3630 
53703  6950 
399  18025 
61785  44188 
25275  56160 
44225  39852 
28798  62998 
53930  689 
9281  31641 
38051  19202 
28762  26101 
8999  62440 
23596  54852 
2709  27776 
4957  20566 
61995  56000 
11373  35120 
19326  59170 
5334  51608 
11430  47185 
15205  13575 
14165  64007 
25025  41634 
3052  15209 
57333  30156 
201  30470 
54006  57140 
19731  15467 
54498  28689 
33232  12156 
9929  59428 
65060  25564 
54186  62525 
58578  55116 
44780  11259 
15568  28461 
1643  17606 
64235  20493 
37470  40086 
59083  25955 
45401  13401 
4120  40789 
45090  19450 
37458  20724 
53051  23953 
45796  41512 
63214  13160 
39202  5486 
35679  55453 
2668  21585 
46488  56381 
32827  65192 
28091  17521 
30995  10541 
10414  17586 
49618  39923 
63368  50680 
37543  29506 
18813  49308 
6184  6999 
48162  23239 
38052  19586 
46772  23625 
47085  65229 
5486  30684 
6148  47525 
59771  5664 
34075  36217 
44902  19638 
39445  13009 
43041  45767 
30126  10333 
27642  39063 
21124  54442 
8041  16462 
61447  42940 
49343  53140 
3174  27178 
47545  9113 
41455  16177 
55048  54832 
29693  25871 
63019  536 
26112  31967 
40510  4589 
9352  42875 
14308  7808 
2827  10850 
33496  56837 
50217  8845 
4255  44069 
31602  32468 
20545  21201 
59578  29513 
49062  12141 
5566  13568 
36629  43365 
61552  2638 
10726  28713 
21343  5894 
53105  26186 
42947  37149 
205  42687 
20781  17428 
30176  40839 
52550  36776 
1626  52005 
17897  53930 
45125  39577 
25359  4295 
65443  43322 
15019  6046 
15793  59150 
14244  31426 
59587  12700 
29359  40488 
38942  43639 
17543  27779 
52384  61100 
30784  20074 
28795  20111 
18023  9093 
10915  32371 
5675  60741 
9731  10518 
47037  44230 
23496  5929 
541  24431 
51662  29313 
6529  52811 
43218  29646 
34954  34515 
41267  42373 
12572  52542 
12883  26955 
15447  17839 
569  60835 
34093  30417 
34310  22073 
21783  64768 
31046  48946 
43906  52140 
17862  18607 
47006  12101 
54637  11119 
62473  47353 
8798  55908 
61059  36974 
26137  28941 
45985  17042 
1870  62125 
65284  51084 
64841  31952 
8388  30433 
48666  44131 
57277  49692 
40447  18011 
22045  54770 
25290  5266 
56727  28533 
11278  282 
42762  24228 
24648  28924 
33825  19669 
31347  410 
11236  19894 
48789  38069 
45954  52734 
55835  7715 
43074  49345 
46015  39657 
2508  12790 
21672  42129 
14248  5041 
64263  13550 
64438  40001 
16252  33945 
46716  17031 
7516  36023 
14346  20459 
63775  20263 
62013  26907 
678  20321 
10172  65148 
29507  35731 
17192  57838 
6755  53973 
27995  60315 
34604  57071 
23122  26224 
39185  59737 
8716  2764 
26283  39040 
60272  19253 
35720  51228 
21457  6244 
28946  1906 
44262  7314 
13084  34745 
41114  24484 
39744  55469 
46003  25747 
37478  16369 
47667  22501 
5154  19807 
19687  1522 
11542  56421 
42988  56134 
17757  58716 
13684  63187 
27156  15045 
53632  23622 
32868  48999 
54516  25852 
6334  17393 
51901  61398 
37241  61474 
39141  64746 
49961  12165 
33867  41953 
56947  39329 
65514  8466 
19227  31253 
8493  14951 
11867  44041 
21351  51812 
35784  15110 
45007  3217 
37526  65127 
23788  36616 
60770  17032 
54557  11477 
57661  18326 
55671  52869 
12395  64130 
16629  51023 
53135  32634 
60012  6618 
8902  56250 
1222  47731 
53520  7617 
32018  22771 
50717  18697 
54027  11342 
56599  60689 
12524  3300 
35943  624 
54287  59542 
46222  15947 
38616  61531 
58687  39730 
51929  54799 
36709  46 
16468  28308 
28223  57359 
4433  22276 
11604  16124 
47698  18888 
15555  9153 
14466  53578 
24788  43615 
61329  27950 
39660  63542 
23898  43545 
20628  58046 
19369  19357 
59446  32302 
13575  1693 
11155  19814 
63008  51357 
44122  55097 
27581  46120 
31542  53777 
28665  56359 
584  65275 
18036  2197 
9968  31431 
58251  18574 
51388  11167 
47926  16163 
5364  55896 
44994  62790 
64556  35044 
59374  31238 
58305  1563 
8436  48538 
25626  25797 
39443  1566 
25407  3719 
45192  34104 
4987  26625 
28195  43209 
14313  5315 
30649  47754 
40238  59021 
16566  14424 
15454  53092 
46033  57573 
46597  43324 
28808  36883 
64901  62738 
22074  10188 
27334  36338 
1950  56800 
58616  32584 
13716  47290 
45856  30196 
11180  52060 
58228  9340 
61582  18 
28758  732 
15369  46333 
45493  17375 
21403  6111 
2727  49760 
21291  34198 
62382  43842 
31007  42557 
43623  15083 
52749  32951 
28445  46467 
36390  16712 
4929  38607 
44187  38536 
34977  30973 
21221  28245 
50128  65304 
17368  51909 
8822  2329 
29750  36895 
15131  9488 
44374  23205 
33454  45528 
39013  33168 
50882  44905 
20939  54535 
43307  38474 
1251  54850 
7471  55077 
22118  28144 
52021  9278 
39852  60989 
41710  3131 
45767  16850 
45279  23801 
35513  14559 
59342  24481 
5166  2027 
41084  61407 
20967  48836 
18935  8150 
33691  25396 
64134  19125 
38820  37444 
40361  36760 
18341  9952 
48038  2602 
52535  26635 
54395  63637 
27688  3533 
51579  41293 
33346  37204 
20263  48964 
22064  57891 
21867  52167 
52742  3293 
26379  63254 
27157  21661 
41705  56231 
51661  35285 
48606  48478 
29150  55732 
32410  62138 
52284  8720 
15583  8371 
35004  3716 
30709  64401 
44710  57075 
32520  18852 
11995  62994 
49562  62282 
43992  12194 
18995  3815 
2888  18321 
11172  44374 
59140  23068 
6564  51970 
30699  45045 
44766  27619 
43211  41512 
34416  12536 
33548  49042 
27514  48331 
44988  62634 
20179  22433 
25365  1716 
41520  37044 
23954  27621 
30291  20607 
14789  7598 
8780  62031 
32272  49035 
20378  505 
40345  23434 
42522  55442 
6643  38555 
38167  34197 
29793  63353 
11948  36660 
41057  1975 
42092  54929 
25896  28662 
5563  38101 
57126  13560 
6201  12318 
43767  48000 
41354  30684 
20602  42039 
36833  43498 
8184  44173 
44585  60956 
54317  11672 
62209  13083 
14266  559 
19702  17988 
38433  25989 
12216  25744 
10132  54546 
9815  44535 
49158  976 
9323  2010 
52998  3090 
43659  29887 
52625  23491 
1661  14326 
46590  35974 
56996  48420 
6766  63663 
48412  909 
44507  31818 
2276  7500 
5022  39834 
15301  9307 
34745  60968 
40429  45213 
15364  13556 
2449  43474 
33243  31837 
56472  63276 
49787  16167 
44320  49762 
38416  53899 
60741  41783 
1242  12081 
1753  61276 
31750  52087 
29939  32389 
27900  58443 
57297  41494 
19155  19116 
16089  46160 
50765  53913 
52834  16631 
52461  41268 
15172  24974 
29701  32805 
35427  22620 
19099  46106 
61215  38940 
38869  48413 
24422  29706 
33382  60864 
29543  41775 
30105  36292 
2703  52573 
44008  13129 
956  50015 
37192  42874 
41598  48125 
58151  43641 
7909  46775 
29310  42007 
42526  44458 
3856  14677 
11009  60852 
33766  44129 
43765  5339 
14751  18625 
59884  15015 
16294  44321 
42499  46116 
54860  47664 
1274  38256 
60350  6009 
36344  61001 
13072  34427 
8306  49068 
20622  12267 
64251  46716 
54109  44775 
45180  34791 
12377  32310 
36670  54282 
13295  34586 
52940  23272 
35898  47018 
13272  42189 
6  33632 
37344  462 
58489  54604 
50801  51651 
24486  9982 
23086  42277 
61075  6116 
48416  3622 
49621  30375 
2950  55183 
10795  7542 
17797  20604 
39721  44398 
64726  65094 
49646  18027 
62522  26941 
14197  41231 
975  2838 
11814  13138 
47144  29024 
55410  25545 
54889  49048 
38264  10524 
34658  30322 
24874  6110 
16984  22010 
24583  9586 
20760  18431 
53747  22419 
57147  17566 
50818  39925 
1178  45974 
1033  44819 
57534  28299 
41376  38407 
14904  51423 
18851  60579 
19561  35147 
21866  15552 
35733  7058 
8989  6189 
20374  53257 
33657  56785 
64257  21408 
14393  33962 
23135  56326 
17041  55294 
38194  47147 
22513  608 
12612  33252 
1589  36047 
18100  45629 
57760  1618 
22361  27617 
5244  5201 
4744  59004 
63524  25645 
20551  36262 
51907  52318 
56574  52295 
418  60286 
1178  1928 
46626  35285 
34379  32915 
4304  15076 
7671  64865 
4622  3934 
43357  22548 
8423  41755 
48922  52774 
17631  28441 
26333  39855 
50468  61677 
8616  16759 
24793  65125 
22345  58953 
15564  14418 
64951  62331 
41826  33039 
23470  50361 
51404  1896 
3437  21196 
52408  41303 
64408  10371 
40414  20232 
5576  57464 
38712  19866 
11015  22274 
4421  42827 
16010  49671 
19596  27448 
3659  2023 
12228  17754 
4342  21856 
3271  6640 
4710  59278 
20434  38782 
24748  62361 
48653  58136 
39249  45195 
25632  14633 
8603  11304 
61512  2260 
57642  34231 
52969  29333 
22711  49620 
23607  36478 
58243  55061 
15993  28549 
54300  10008 
49673  57442 
32907  37373 
55802  64529 
51787  22983 
32893  16726 
33415  5153 
3664  41614 
40429  5340 
39945  35695 
56093  42119 
17802  6996 
3966  40756 
45814  18019 
27654  23975 
5385  4573 
7923  44424 
14348  15551 
566  47652 
36768  36174 
48644  54043 
25782  8910 
12829  47205 
43885  3923 
25184  32194 
50735  9687 
31820  4708 
51606  25804 
15477  5281 
5178  60780 
13417  62690 
22265  62912 
22489  4157 
40139  36413 
59405  13188 
51622  22788 
63710  54791 
46649  14084 
1013  13766 
35158  7108 
55952  59693 
21871  30746 
190  20376 
31800  17182 
44768  59715 
37388  17385 
60848  4211 
41045  62146 
33842  62698 
17827  34537 
59715  14070 
54184  9066 
28689  57362 
46158  32573 
39950  5101 
15823  1690 
55474  975 
36072  7843 
38532  40777 
48956  20312 
60064  51266 
6623  18423 
59474  7281 
51761  6703 
50328  43388 
50665  61078 
11593  1339 
54633  31011 
7121  5837 
7546  11009 
63734  18744 
39258  55850 
16042  47655 
26266  20356 
42847  25679 
7821  64129 
33964  33277 
21301  12929 
56550  17555 
35303  36141 
63128  17667 
17414  20316 
36523  24785 
16107  44314 
17124  63012 
32609  28035 
37211  40176 
52887  57723 
10485  5845 
20522  39803 
24821  60656 
3737  65143 
43710  40445 
9692  1901 
37517  1965 
46631  14028 
16724  62822 
11921  52327 
2625  20261 
63379  17498 
7988  39805 
42294  57306 
58807  3485 
49775  56289 
31570  4922 
5946  13122 
51006  26692 
54201  9698 
48032  9824 
54947  35741 
62991  4948 
61199  23555 
4387  63303 
42562  27566 
39088  22747 
14263  2480 
10055  24470 
57463  28911 
41797  25415 
54866  50221 
8231  6073 
43274  24751 
7065  40882 
40737  59744 
39723  31808 
37797  64362 
33985  22853 
64413  65012 
58730  48600 
43564  48061 
28568  26190 
14280  57778 
61739  62190 
6976  3800 
10730  34569 
4571  665 
6009  39809 
3676  43129 
37737  4839 
15832  23016 
8306  48458 
29208  1155 
44676  57726 
9164  53140 
16572  1599 
34781  61266 
50418  26526 
47042  31544 
28913  61758 
37931  51354 
46845  9317 
45411  25798 
8374  42002 
32605  4193 
34311  20614 
56026  591 
13277  57711 
14290  20820 
22542  52434 
37427  53296 
5648  12592 
41255  4186 
48691  39544 
52327  10525 
48361  49613 
57757  28131 
12287  19860 
21021  28967 
23717  40999 
61526  18803 
16030  60349 
60700  20312 
5012  51175 
8569  30244 
28847  39649 
8325  39259 
8659  7559 
28906  17767 
61873  33859 
29183  20224 
30776  51081 
11064  1472 
46447  39659 
27111  59950 
31273  60045 
32565  60788 
46114  45524 
302  35404 
27065  41165 
35621  14156 
36183  56541 
324  8198 
50795  1337 
9348  20999 
59293  40249 
1042  20408 
12634  18053 
1751  54437 
50087  47262 
53917  50105 
7902  25188 
1830  86 
459  10996 
9859  33783 
27452  38916 
18152  38851 
38348  7969 
5151  2102 
11021  34352 
55140  20081 
12528  4268 
61997  16041 
40986  13545 
15843  48720 
10224  53947 
6160  64212 
42809  18620 
56835  1976 
49869  58731 
40558  47235 
30399  49734 
469  12681 
5994  11006 
61751  55668 
8997  43301 
2523  9710 
12109  42294 
56135  55926 
32377  51175 
18000  63398 
64915  5535 
21614  17583 
14151  50267 
23924  10094 
10815  58547 
61983  33913 
1205  27480 
8001  62380 
17707  58566 
58667  50825 
59560  1094 
62867  4932 
18687  31989 
63607  37232 
17955  8460 
10171  17617 
28435  25946 
27869  40265 
29282  788 
2246  26134 
64189  35571 
59794  21244 
19040  57604 
51062  25848 
57824  27897 
30565  27848 
29833  45575 
6264  48068 
8521  32541 
17017  38775 
14917  62594 
4130  12010 
40910  19098 
8991  12382 
62692  19439 
15546  43264 
282  5123 
20289  14678 
45566  45890 
55824  36638 
37377  34794 
56288  29252 
25125  39017 
19991  6627 
24376  14559 
42154  50899 
28183  40702 
18290  31329 
20627  54209 
48704  9458 
4474  34874 
48756  54770 
47229  58171 
10673  13189 
57800  30275 
12259  47506 
57904  52298 
55245  35261 
13736  34763 
55266  14113 
46971  56535 
30885  30180 
61769  41179 
52847  26315 
21063  24826 
47118  12653 
32112  7915 
9170  62075 
41349  28748 
46384  34711 
42757  50999 
40502  32905 
31809  7219 
60067  28352 
27984  1920 
33451  63157 
18046  48720 
7655  50419 
50182  35440 
11097  60956 
13645  1296 
39427  39805 
30727  39080 
47412  26746 
39165  27899 
7985  22935 
35831  8330 
5341  18970 
44356  29953 
32717  3833 
4824  22143 
22025  64550 
49261  42371 
