1
1
1
1
1
1
2
3
3
1
1
4
1
1
1
13
1
1
8
1
1
2
1
1
1
4
1
1
2
1
10
1
3
2
1
1
1
1
1
1
1
3
1
1
1
1
1
1
2
4
2
1
1
1
1
3
1
1
1
11
1
1
4
1
1
21
1
1
3
1
1
2
6
3
1
3
1
1
1
1
2
11
1
1
1
1
4
3
1
1
1
1
4
3
1
1
2
1
1
1
3
1
1
1
15
1
3
1
6
2
3
18
3
5
1
1
1
8
1
1
3
1
1
1
1
1
2
47
1
1
1
1
1
1
1
1
12
2
1
1
2
3
3
1
1
4
1
4
1
21
1
1
3
1
1
5
1
1
1
1
2
1
1
2
23
7
1
1
1
1
18
1
1
3
1
1
5
1
1
1
7
3
1
10
1
1
1
4
1
2
1
1
1
6
1
2
1
142
5
1
1
1
1
2
1
1
1
1
1
1
1
1
1
1
1
1
1
1
1
1
2
3
1
1
2
1
5
1
1
2
5
3
3
1
1
17
1
1
1
1
1
4
1
5
2
4
4
1
14
2
3
22
2
4
1
1
1
3
88
6
1
1
1
2
1
4
1
1
1
1
56
2
6
2
2
5
1
1
1
1
1
1
1
1
1
1
1
27
4
1
1
1
2
2
3
2
1
3
1
1
1
2
1
6
3
3
1
1
12
1
1
1
1
1
1
2
3
1
11
3
1
1
1
6
1
1
3
1
1
1
3
1
7
1
1
4
1
1
17
1
2
1
13
1
1
1
1
1
2
1
16
1
1
4
1
2
1
1
1
1
4
1
1
2
8
1
52
1
2
1
1
1
1
1
3
5
1
1
1
1
1
3
2
2
3
1
4
1
8
10
1
1
1
1
2
1
12
1
2
1
1
1
2
3
1
1
1
1
1
1
1
3
1
1
1
1
1
1
1
1
4
2
1
3
1
1
1
2
3
1
1
3
1
1
3
1
42
1
1
1
1
1
2
2
12
1
15
2
1
5
1
2
1
1
11
1
7
2
2
15
2
4
1
1
1
1
1
9
1
10
1
3
1
1
2
2
1
5
2
1
1
1
2
1
1
1
1
1
6
1
1
1
1
2
1
1
1
1
3
1
16
1
1
1
1
9
1
1
1
2
1
1
1
2
1
1
1
1
5
1
2
1
1
1
1
1
80
1
2
3
1
77
9
1
17
1
1
15
4
6
16
1
10
2
1
52
1
1
1
1
1
84
1
1
1
1
1
1
9
1
1
5
1
7
1
15
1
2
1
1
1
1
1
4
7
1
5
1
2
2
5
5
1
1
1
3
1
2
1
3
4
1
4
1
6
1
1
1
1
6
1
1
1
10
6
1
4
2
2
1
1
13
1
7
1
2
1
8
1
3
1
1
14
1
3
2
1
1
1
2
1
1
1
3
2
1
1
1
2
1
1
8
1
1
1
1
7
4
1
1
1
1
2
1
1
3
2
1
2
1
7
1
1
1
1
1
2
3
1
19
1
1
1
1
2
1
1
1
1
4
2
13
1
1
1
1
1
11
1
1
1
18
1
1
14
1
1
1
1
1
1
2
2
1
1
1
1
2
1
1
1
5
4
1
1
1
41
1
5
2
3
2
6
4
1
1
2
1
6
5
1
1
2
9
1
1
1
1
3
1
1
1
3
1
4
1
2
1
5
1
22
1
4
1
1
4
1
2
6
1
2
1
1
1
1
1
1
1
2
9
1
3
2
3
4
1
1
1
9
1
1
1
6
1
1
1
1
2
1
1
4
2
1
1
3
5
1
1
6
2
1
3
7
1
1
1
4
3
1
1
1
1
1
1
4
1
1
4
2
3
2
1
1
2
3
2
1
2
1
1
1
1
1
1
1
1
1
1
1
1
1
12
6
4
2
3
2
3
1
1
168
1
1
1
1
1
6
2
1
1
1
1
1698
2
50
8
2
4
20
4
2
6
1
1
1
1
1
6
1
1
1
1
2
3
1
1
1
8
13
1
5
1
1
2
1
1
1
1
1
1
2
1
1
1
1
1
1
1
1
1
29
5
7
9
4
1
1
2
35
1
1
1
2
1
1
3
1
1
1
1
1
2
2
2
4
1
4
1
5
12
1
2
26
5
1
2
4
2
9
1
1
8
2
1
6
1
3
12
1
3
1
1
1
1
1
38
1
1
1
4
1
1
6
1
6
3
3
2
1
1
1
1
1
7
1
2
3
8
2
5
2
1
6
11
1
1
2
4
1
1
